# 相机内参配置文件
# 摄像头型号：AT-01M5400B-V1
# 分辨率：1280x720
# 标定时间：2026-02-28
# 标定工具：ROS2 camera_calibration cameracalibrator
# 标定板：9x12 内角点，格子边长 20mm

camera_name: at01m5400b
image_width: 1280
image_height: 720

# 内参矩阵 K (3x3):
#   [fx,   0, cx]
#   [ 0,  fy, cy]
#   [ 0,   0,  1]
# fx=1048.578  fy=1051.302  cx=668.612  cy=361.575
camera_matrix:
  rows: 3
  cols: 3
  data: [1048.5781106716322,    0.0,              668.6117761075526,
             0.0,            1051.3019596158053,  361.5752738576768,
             0.0,               0.0,                1.0]

# 畸变系数 [k1, k2, p1, p2, k3]
dist_coeffs:
  rows: 1
  cols: 5
  data: [0.09469271704353091, -0.09162682761377387,
        -0.0007778362651798496, 0.0028121896872062577, 0.0]

# 矫正矩阵（单目相机为单位矩阵）
rectification_matrix:
  rows: 3
  cols: 3
  data: [1.0, 0.0, 0.0,
         0.0, 1.0, 0.0,
         0.0, 0.0, 1.0]

# 投影矩阵 P (3x4)
projection_matrix:
  rows: 3
  cols: 4
  data: [1073.903309451545,    0.0,              671.8680839869195, 0.0,
             0.0,            1079.6622877361085,  361.03880737676803, 0.0,
             0.0,               0.0,                1.0,             0.0]
